SMALL DEBUG
56
---------------------------------------------------------------------------------------------
BIG DEBUG
Performance bubblesort: [1.9703e-05, 7.691e-05, 0.000175022, 0.000652384, 0.00265434, 0.00914307, 0.0364623, 0.138716, 0.571585, 2.4711, 9.9992, 41.4185]

Performance selectionsort: [3.8105e-05, 6.8909e-05, 0.000127616, 0.000405452, 0.00141208, 0.00479041, 0.0174245, 0.0657007, 0.254278, 1.01116, 4.22164, 16.7961]

Performance insertionsort: [1.4902e-05, 4.2806e-05, 7.0909e-05, 0.000247432, 0.000862511, 0.00287007, 0.0109779, 0.042419, 0.168315, 0.672666, 2.93958, 11.1455]

Performance mergesort: [0.00016102, 0.000386849, 0.000531368, 0.00113034, 0.00255403, 0.00529148, 0.0111554, 0.0236293, 0.0496213, 0.102967, 0.221553, 0.452109]

Performance quicksort: [2.3003e-05, 6.8909e-05, 0.000105914, 0.000257133, 0.00062718, 0.0015507, 0.00349755, 0.00797642, 0.018365, 0.0449085, 0.129243, 0.345544]

Performance standardsort: [4.7206e-05, 9.9513e-05, 0.000140718, 0.000371148, 0.000868611, 0.00195475, 0.00432745, 0.00954472, 0.0204938, 0.0440752, 0.0917556, 0.191035]
-------------------------------------------------------------------------------------------
SMALL RELEASE
99 oppure 100
-------------------------------------------------------------------------------------------
BIG RELEASE
Performance bubblesort: [4.9e-06, 1.9103e-05, 7.3309e-05, 0.00026453, 0.00100362, 0.00345019, 0.012452, 0.0462386, 0.178777, 0.721423, 3.22242, 15.5753]

Performance selectionsort: [4.201e-06, 1.5401e-05, 6.1607e-05, 0.000117513, 0.000361541, 0.000940807, 0.00292583, 0.0101373, 0.0358454, 0.134683, 0.597786, 2.12746]

Performance insertionsort: [3.2e-06, 8.101e-06, 1.9402e-05, 4.7206e-05, 0.000120014, 0.000309936, 0.000983712, 0.00357091, 0.0127273, 0.0487655, 0.30438, 0.767946]

Performance mergesort: [1.8602e-05, 4.1005e-05, 9.5811e-05, 0.000243628, 0.000497556, 0.000964209, 0.00283202, 0.0044344, 0.00921545, 0.018956, 0.0877601, 0.0828973]

Performance quicksort: [4.701e-06, 1.4702e-05, 4.2305e-05, 8.971e-05, 0.000193922, 0.000442451, 0.00105432, 0.00214914, 0.00464333, 0.00991233, 0.0254469, 0.0593824]

Performance standardsort: [3.8e-06, 9.201e-06, 2.3302e-05, 6.6007e-05, 0.000164919, 0.000364141, 0.000804092, 0.00181571, 0.00385694, 0.00764357, 0.0177813, 0.0310096]